120
1.41031e+009 -826.997 -5620.82 3577.29 8.69386 0.388327 -9.30856
7.54385e+009 -9846.04 -8663.16 3735.45 8.60873 0.538576 3.07838
1.20795e+010 5243.96 -9050.71 -3435.32 5.12821 -2.69323 9.65101
1.39981e+010 -8546.28 7694.14 -1271.77 -0.445365 -4.50186 -6.66986
2.27942e+010 -8788.71 90.4579 -3619.34 -0.120466 -8.18534 -8.52502
4.84739e+009 8276.35 -711.084 -8998.32 5.40409 -7.49269 3.76911
9.93019e+009 4508.24 7771.44 -3873.56 0.265474 6.91963 6.83021
5.36818e+009 -641.653 -6433.45 1433.1 -9.33892 -0.0303976 4.96585
2.214e+010 6840.79 -5744.97 -7391.45 -4.50824 -1.71413 4.19639
2.74319e+009 -3649.21 3041.17 3626.92 -2.24549 -7.04934 6.91151
3.11022e+010 -7036.97 -1824.67 1297.97 -0.229709 9.2219 -6.00486
9.92279e+009 3025.07 6061.46 -471.364 -5.93499 8.03347 -7.15958
5.28163e+009 7712.97 -6756.03 -2693.22 -7.29781 -0.893854 -0.953997
2.68347e+010 -5695.03 8178.44 7217.2 0.119118 6.35123 -0.7551
1.00168e+010 6493.95 4044.13 9088.3 -4.21368 0.288693 -1.71943
2.09205e+010 4594.95 4312.85 4130.71 -9.61815 0.499748 -8.69612
6.71274e+009 3640.98 8332.68 7800.37 -7.2161 9.78725 -1.07953
7.22904e+009 -1205.49 6133 -5769.62 -6.92791 2.32701 -9.98242
1.29951e+010 -1645.53 3611.24 6728.4 6.57416 -8.36525 2.59144
2.40222e+009 -2223.54 8950.9 -4615.71 -4.3193 5.6773 -4.35688
1.13807e+008 9664.72 6394.52 -2037.13 -6.46239 -6.84538 -4.85663
1.07181e+009 2694.35 5895.4 5058.81 2.6686 1.96433 -3.62444
1.24925e+009 522.466 1759.78 4059.79 -6.76625 7.20451 1.13672
3.79808e+009 570.965 1762.38 -1383.04 -2.59547 -1.06268 -2.24338
8.14956e+008 -4921.55 3524.74 4572.17 8.89506 8.80326 -0.791317
1.0828e+010 2112.79 -6992.12 -3123.65 0.456154 -9.70099 2.85958
2.49918e+010 9401.73 6879.51 -884.968 -9.55833 4.139 -1.26723
1.39316e+010 3913.58 5077.25 -9914.92 -8.40166 8.06602 4.93358
6.36188e+007 369.568 880.454 -5683.48 2.53723 4.1864 -4.39422
4.65071e+009 -3796.62 -7924.05 5517.61 -8.89442 -6.79452 -4.05956
6.49713e+009 399.77 -6993.77 6673.64 1.55552 -3.3765 9.73766
1.65879e+007 -9412.89 -206.966 4779.17 0.725335 -7.54986 -6.23448
9.52243e+009 -7481.34 9080.57 6762.03 -4.81972 -1.51328 7.95828
1.42969e+010 -962.975 3310.07 -5808.75 0.939497 -6.48051 -1.36183
1.16288e+010 6724.13 9466.92 -8392.94 5.38875 -4.99689 5.38228
1.38331e+010 3633.32 -9272.65 -5566.65 3.05244 -2.57069 -5.32617
1.81435e+009 -6804.85 3239.87 8983.14 2.42091 -9.64111 4.43743
5.51897e+008 383.497 -8692.87 9543.6 -3.41888 4.86548 -6.57241
2.80884e+010 -4900.85 -7523.02 -6798.34 -7.8963 -2.62876 -3.45545
8.59853e+009 5164.92 3995.82 8704.83 -2.75833 -0.898552 -5.19119
5.47453e+009 -4204.67 -5672.28 548.782 7.27286 4.23129 -2.34357
6.15747e+009 5907.05 -9935.42 3293.78 -6.26351 -7.31922 8.92089
9.31408e+009 -3050.17 193.165 6686.77 -3.41131 2.63527 -9.17159
1.457e+010 386.064 -5589.69 -8220.15 4.12923 -4.76443 -2.43268
2.64757e+009 -610.03 9544.77 -9315.14 -9.36722 1.83176 -3.40842
7.6901e+009 -1928.38 9338.19 7350.28 -7.03219 2.79047 8.63829
1.6896e+010 1456.13 8905.01 -6891.72 -3.12773 -8.06923 -9.5519
1.94404e+010 3490.49 3969.21 -6160.32 -3.08257 -7.18579 -5.56687
8.81927e+009 -9473.21 5246.88 -8453.51 8.51006 -1.39108 6.62512
9.20393e+009 386.733 -6771.61 1487.21 0.628546 3.34099 0.974726
1.10252e+010 1431.65 -1173.74 45.4946 -9.36687 0.441269 -9.29881
1.13371e+009 1036.59 2222.21 5440.61 -0.266377 3.93991 -0.26301
1.23943e+010 -4467.06 -4397.93 609.791 -5.29195 1.94952 8.40505
1.72136e+010 -5394.61 7990.42 3030.29 8.71872 7.17532 9.04862
1.31191e+009 4049.43 -7845.22 -8002.69 -3.10847 5.15242 -3.38483
8.514e+009 -5950.36 9486.96 -163.185 6.09825 -6.8084 -7.01497
4.79017e+009 -1517.33 3025.89 -8797.15 7.95314 8.02436 -6.58408
3.19074e+008 444.293 -4456.04 1737.24 6.23791 8.79743 1.59725
2.12682e+010 -6209.03 4378.39 -8542.62 7.5812 -8.20294 -1.66407
1.12299e+010 6260.94 5387.2 7930.48 -0.270586 -2.45031 3.75156
7.9933e+008 -447.184 -5239.61 9517.62 3.62398 -2.752 5.88556
7.63531e+008 -322.543 -6.85338 8656.87 -7.07609 -8.39356 -1.83645
3.30118e+010 -6038.4 -6073.85 1513.58 1.71349 -2.63595 2.00265
1.61093e+009 9908.01 -1945.2 6390.54 -2.51501 -0.404428 2.9299
1.60462e+010 -2846.56 -3313.86 -7102.05 3.33713 -3.70602 2.04499
2.53615e+010 330.629 -4717.33 6672.96 2.69239 -0.839083 -6.88254
1.09653e+010 5897.62 -4226.91 -3587.77 4.3831 -5.36209 -2.53281
7.67194e+008 1323.65 -1548.95 -4139.13 -2.84949 1.78838 -0.738826
2.89051e+010 -8990.37 1918.54 7283.43 -7.90841 6.66756 3.17187
1.90972e+008 -6106.42 461.449 4395.9 6.74164 3.19775 2.86053
7.65452e+009 -3531.42 -1152.59 -4466.65 -7.65524 6.72751 -3.34143
7.67777e+009 8597.8 -5135.43 1934.46 -5.06053 -6.07644 6.71994
9.76154e+009 3432.96 7425.68 -7687.87 3.52131 -0.909057 -9.35461
1.93159e+010 3228.51 -8800.8 -4410.14 -6.4716 7.94489 1.88318
1.17419e+010 1386.8 -1309.94 -5936.83 -4.55114 -5.114 -0.460966
3.25544e+010 -5651.8 5649.49 9201.1 1.468 -7.41914 0.0370749
7.03317e+009 -7632.05 3378.09 -2265.85 6.62193 -7.53111 2.96151
1.88846e+010 -7888.75 -2780.65 4384.09 1.61939 -6.85691 -6.61781
1.11277e+010 7730.21 -3163.04 3992.78 5.83965 -4.35561 -6.60078
7.59999e+008 5003.42 -6708.01 5464.05 -1.32143 8.58643 -4.67426
1.57398e+010 -5721.68 -2387.45 8570.55 2.33126 -2.87332 -6.04199
1.56609e+010 -9634.98 -7709.41 3092.58 -2.35174 -3.37417 8.28736
4.9997e+009 6631.02 -7407.81 8841.39 -2.95879 1.43783 6.88403
1.7e+010 -1292.49 -3016.86 8382.37 4.8916 5.52835 2.24115
3.77764e+009 -7481.56 -7334.13 -7479.38 5.0105 -0.821725 -5.30648
1.15184e+010 7084.73 -7596.47 8883.85 -8.79475 -7.17641 -5.45023
9.14278e+009 -8925.46 6246.1 -9363.23 9.48934 3.42159 -5.23566
8.90886e+009 -5444.75 -1043.72 8660.11 0.269979 7.19021 2.18936
9.7818e+009 2887.8 -9479.99 -5845.01 1.20649 -7.58619 -7.24569
7.82198e+009 7731.99 -2748.14 -4015.78 8.26004 9.40598 5.95745
5.95513e+009 3878.52 -635.814 -1968.91 -0.655824 0.35191 7.98535
1.47334e+009 3782.68 -1814.43 -9374.9 -6.14707 -4.50263 -1.82747
1.28119e+010 2658.77 -9994.49 -3071.37 -0.155852 -3.62901 -7.23996
4.89248e+009 -8877.3 5310.64 9238.41 9.98184 -3.00435 -6.01999
7.82688e+009 -5967.66 275.18 2160.4 5.96901 -7.06657 0.47569
8.47761e+009 3574.19 6892.81 -3358.55 4.88149 -1.94433 1.10905
9.53218e+009 2278.52 -9206.73 -3130.21 -6.57213 -1.52309 4.60745
4.55145e+009 -8267.88 -1636.69 -3494.75 1.27967 0.637204 -8.79517
1.16682e+009 990.3 -7455.26 -8813.06 8.35954 7.17022 0.986047
1.87292e+010 3286.91 9463.86 -6813.07 -4.33335 1.95913 -8.74228
2.98369e+010 -4355.38 -1383.51 -6027.39 5.18393 3.45478 3.6673
1.84503e+009 8418.71 -9923.63 -6436.96 3.36547 0.349644 -0.660652
9.83228e+008 -1097.58 3040.93 7647.01 -5.92173 -9.67851 -7.81834
8.23559e+009 -5090.11 -9399.2 7727.03 0.948025 -0.259042 8.73217
7.96081e+009 5066.74 -6550.83 -2391.47 9.34076 -3.97221 7.80906
2.88157e+009 6791.13 4169.58 526.002 -8.16933 5.64261 -3.84282
1.41316e+010 2906.92 -6915.35 -896.016 -6.75144 -1.81885 -6.65429
4.22887e+010 -3328.6 -2913.47 -3556.99 2.82752 -9.24634 -8.43572
6.75547e+009 -4945.63 3172.28 -9966.71 -7.9826 9.11031 -6.69187
1.23798e+009 9219.12 -5592.19 -4908.74 -5.13978 0.984569 7.03299
8.15564e+009 8039.93 5193.95 9965.8 -2.4992 4.91044 5.32627
1.02629e+010 -7950.64 7267.21 8619.5 -4.17668 9.508 6.61338
2.10254e+009 5304.18 -9353.22 -2491.26 -6.13705 1.93895 0.98957
1.50051e+010 4167.97 7671.29 9893.22 -0.00453702 4.9687 3.79415
1.87809e+009 -4343.45 8217.06 -2013.84 8.04987 0.967303 -4.73695
2.6897e+009 -3287.89 -942.337 3342.09 6.3841 0.835925 4.92568
1.42171e+010 -1865 4045.59 3223.55 -4.47213 -3.97074 9.08583
2.32589e+010 9484.8 -1800.84 5920.76 2.04013 -7.80146 -8.53923
4.83504e+009 -2181.34 1182.18 3980.59 -9.77714 -2.25234 1.3138
3.12775e+009 -6767.59 6166.2 -6166.58 2.96309 -8.5429 -2.4209