240
1.41031e+009 -826.997 -5620.82 3577.29 8.69386 0.388327 -9.30856
7.54385e+009 -9846.04 -8663.16 3735.45 8.60873 0.538576 3.07838
1.20795e+010 5243.96 -9050.71 -3435.32 5.12821 -2.69323 9.65101
1.39981e+010 -8546.28 7694.14 -1271.77 -0.445365 -4.50186 -6.66986
2.27942e+010 -8788.71 90.4579 -3619.34 -0.120466 -8.18534 -8.52502
4.84739e+009 8276.35 -711.084 -8998.32 5.40409 -7.49269 3.76911
9.93019e+009 4508.24 7771.44 -3873.56 0.265474 6.91963 6.83021
5.36818e+009 -641.653 -6433.45 1433.1 -9.33892 -0.0303976 4.96585
2.214e+010 6840.79 -5744.97 -7391.45 -4.50824 -1.71413 4.19639
2.74319e+009 -3649.21 3041.17 3626.92 -2.24549 -7.04934 6.91151
3.11022e+010 -7036.97 -1824.67 1297.97 -0.229709 9.2219 -6.00486
9.92279e+009 3025.07 6061.46 -471.364 -5.93499 8.03347 -7.15958
5.28163e+009 7712.97 -6756.03 -2693.22 -7.29781 -0.893854 -0.953997
2.68347e+010 -5695.03 8178.44 7217.2 0.119118 6.35123 -0.7551
1.00168e+010 6493.95 4044.13 9088.3 -4.21368 0.288693 -1.71943
2.09205e+010 4594.95 4312.85 4130.71 -9.61815 0.499748 -8.69612
6.71274e+009 3640.98 8332.68 7800.37 -7.2161 9.78725 -1.07953
7.22904e+009 -1205.49 6133 -5769.62 -6.92791 2.32701 -9.98242
1.29951e+010 -1645.53 3611.24 6728.4 6.57416 -8.36525 2.59144
2.40222e+009 -2223.54 8950.9 -4615.71 -4.3193 5.6773 -4.35688
1.13807e+008 9664.72 6394.52 -2037.13 -6.46239 -6.84538 -4.85663
1.07181e+009 2694.35 5895.4 5058.81 2.6686 1.96433 -3.62444
1.24925e+009 522.466 1759.78 4059.79 -6.76625 7.20451 1.13672
3.79808e+009 570.965 1762.38 -1383.04 -2.59547 -1.06268 -2.24338
8.14956e+008 -4921.55 3524.74 4572.17 8.89506 8.80326 -0.791317
1.0828e+010 2112.79 -6992.12 -3123.65 0.456154 -9.70099 2.85958
2.49918e+010 9401.73 6879.51 -884.968 -9.55833 4.139 -1.26723
1.39316e+010 3913.58 5077.25 -9914.92 -8.40166 8.06602 4.93358
6.36188e+007 369.568 880.454 -5683.48 2.53723 4.1864 -4.39422
4.65071e+009 -3796.62 -7924.05 5517.61 -8.89442 -6.79452 -4.05956
6.49713e+009 399.77 -6993.77 6673.64 1.55552 -3.3765 9.73766
1.65879e+007 -9412.89 -206.966 4779.17 0.725335 -7.54986 -6.23448
9.52243e+009 -7481.34 9080.57 6762.03 -4.81972 -1.51328 7.95828
1.42969e+010 -962.975 3310.07 -5808.75 0.939497 -6.48051 -1.36183
1.16288e+010 6724.13 9466.92 -8392.94 5.38875 -4.99689 5.38228
1.38331e+010 3633.32 -9272.65 -5566.65 3.05244 -2.57069 -5.32617
1.81435e+009 -6804.85 3239.87 8983.14 2.42091 -9.64111 4.43743
5.51897e+008 383.497 -8692.87 9543.6 -3.41888 4.86548 -6.57241
2.80884e+010 -4900.85 -7523.02 -6798.34 -7.8963 -2.62876 -3.45545
8.59853e+009 5164.92 3995.82 8704.83 -2.75833 -0.898552 -5.19119
5.47453e+009 -4204.67 -5672.28 548.782 7.27286 4.23129 -2.34357
6.15747e+009 5907.05 -9935.42 3293.78 -6.26351 -7.31922 8.92089
9.31408e+009 -3050.17 193.165 6686.77 -3.41131 2.63527 -9.17159
1.457e+010 386.064 -5589.69 -8220.15 4.12923 -4.76443 -2.43268
2.64757e+009 -610.03 9544.77 -9315.14 -9.36722 1.83176 -3.40842
7.6901e+009 -1928.38 9338.19 7350.28 -7.03219 2.79047 8.63829
1.6896e+010 1456.13 8905.01 -6891.72 -3.12773 -8.06923 -9.5519
1.94404e+010 3490.49 3969.21 -6160.32 -3.08257 -7.18579 -5.56687
8.81927e+009 -9473.21 5246.88 -8453.51 8.51006 -1.39108 6.62512
9.20393e+009 386.733 -6771.61 1487.21 0.628546 3.34099 0.974726
1.10252e+010 1431.65 -1173.74 45.4946 -9.36687 0.441269 -9.29881
1.13371e+009 1036.59 2222.21 5440.61 -0.266377 3.93991 -0.26301
1.23943e+010 -4467.06 -4397.93 609.791 -5.29195 1.94952 8.40505
1.72136e+010 -5394.61 7990.42 3030.29 8.71872 7.17532 9.04862
1.31191e+009 4049.43 -7845.22 -8002.69 -3.10847 5.15242 -3.38483
8.514e+009 -5950.36 9486.96 -163.185 6.09825 -6.8084 -7.01497
4.79017e+009 -1517.33 3025.89 -8797.15 7.95314 8.02436 -6.58408
3.19074e+008 444.293 -4456.04 1737.24 6.23791 8.79743 1.59725
2.12682e+010 -6209.03 4378.39 -8542.62 7.5812 -8.20294 -1.66407
1.12299e+010 6260.94 5387.2 7930.48 -0.270586 -2.45031 3.75156
7.9933e+008 -447.184 -5239.61 9517.62 3.62398 -2.752 5.88556
7.63531e+008 -322.543 -6.85338 8656.87 -7.07609 -8.39356 -1.83645
3.30118e+010 -6038.4 -6073.85 1513.58 1.71349 -2.63595 2.00265
1.61093e+009 9908.01 -1945.2 6390.54 -2.51501 -0.404428 2.9299
1.60462e+010 -2846.56 -3313.86 -7102.05 3.33713 -3.70602 2.04499
2.53615e+010 330.629 -4717.33 6672.96 2.69239 -0.839083 -6.88254
1.09653e+010 5897.62 -4226.91 -3587.77 4.3831 -5.36209 -2.53281
7.67194e+008 1323.65 -1548.95 -4139.13 -2.84949 1.78838 -0.738826
2.89051e+010 -8990.37 1918.54 7283.43 -7.90841 6.66756 3.17187
1.90972e+008 -6106.42 461.449 4395.9 6.74164 3.19775 2.86053
7.65452e+009 -3531.42 -1152.59 -4466.65 -7.65524 6.72751 -3.34143
7.67777e+009 8597.8 -5135.43 1934.46 -5.06053 -6.07644 6.71994
9.76154e+009 3432.96 7425.68 -7687.87 3.52131 -0.909057 -9.35461
1.93159e+010 3228.51 -8800.8 -4410.14 -6.4716 7.94489 1.88318
1.17419e+010 1386.8 -1309.94 -5936.83 -4.55114 -5.114 -0.460966
3.25544e+010 -5651.8 5649.49 9201.1 1.468 -7.41914 0.0370749
7.03317e+009 -7632.05 3378.09 -2265.85 6.62193 -7.53111 2.96151
1.88846e+010 -7888.75 -2780.65 4384.09 1.61939 -6.85691 -6.61781
1.11277e+010 7730.21 -3163.04 3992.78 5.83965 -4.35561 -6.60078
7.59999e+008 5003.42 -6708.01 5464.05 -1.32143 8.58643 -4.67426
1.57398e+010 -5721.68 -2387.45 8570.55 2.33126 -2.87332 -6.04199
1.56609e+010 -9634.98 -7709.41 3092.58 -2.35174 -3.37417 8.28736
4.9997e+009 6631.02 -7407.81 8841.39 -2.95879 1.43783 6.88403
1.7e+010 -1292.49 -3016.86 8382.37 4.8916 5.52835 2.24115
3.77764e+009 -7481.56 -7334.13 -7479.38 5.0105 -0.821725 -5.30648
1.15184e+010 7084.73 -7596.47 8883.85 -8.79475 -7.17641 -5.45023
9.14278e+009 -8925.46 6246.1 -9363.23 9.48934 3.42159 -5.23566
8.90886e+009 -5444.75 -1043.72 8660.11 0.269979 7.19021 2.18936
9.7818e+009 2887.8 -9479.99 -5845.01 1.20649 -7.58619 -7.24569
7.82198e+009 7731.99 -2748.14 -4015.78 8.26004 9.40598 5.95745
5.95513e+009 3878.52 -635.814 -1968.91 -0.655824 0.35191 7.98535
1.47334e+009 3782.68 -1814.43 -9374.9 -6.14707 -4.50263 -1.82747
1.28119e+010 2658.77 -9994.49 -3071.37 -0.155852 -3.62901 -7.23996
4.89248e+009 -8877.3 5310.64 9238.41 9.98184 -3.00435 -6.01999
7.82688e+009 -5967.66 275.18 2160.4 5.96901 -7.06657 0.47569
8.47761e+009 3574.19 6892.81 -3358.55 4.88149 -1.94433 1.10905
9.53218e+009 2278.52 -9206.73 -3130.21 -6.57213 -1.52309 4.60745
4.55145e+009 -8267.88 -1636.69 -3494.75 1.27967 0.637204 -8.79517
1.16682e+009 990.3 -7455.26 -8813.06 8.35954 7.17022 0.986047
1.87292e+010 3286.91 9463.86 -6813.07 -4.33335 1.95913 -8.74228
2.98369e+010 -4355.38 -1383.51 -6027.39 5.18393 3.45478 3.6673
1.84503e+009 8418.71 -9923.63 -6436.96 3.36547 0.349644 -0.660652
9.83228e+008 -1097.58 3040.93 7647.01 -5.92173 -9.67851 -7.81834
8.23559e+009 -5090.11 -9399.2 7727.03 0.948025 -0.259042 8.73217
7.96081e+009 5066.74 -6550.83 -2391.47 9.34076 -3.97221 7.80906
2.88157e+009 6791.13 4169.58 526.002 -8.16933 5.64261 -3.84282
1.41316e+010 2906.92 -6915.35 -896.016 -6.75144 -1.81885 -6.65429
4.22887e+010 -3328.6 -2913.47 -3556.99 2.82752 -9.24634 -8.43572
6.75547e+009 -4945.63 3172.28 -9966.71 -7.9826 9.11031 -6.69187
1.23798e+009 9219.12 -5592.19 -4908.74 -5.13978 0.984569 7.03299
8.15564e+009 8039.93 5193.95 9965.8 -2.4992 4.91044 5.32627
1.02629e+010 -7950.64 7267.21 8619.5 -4.17668 9.508 6.61338
2.10254e+009 5304.18 -9353.22 -2491.26 -6.13705 1.93895 0.98957
1.50051e+010 4167.97 7671.29 9893.22 -0.00453702 4.9687 3.79415
1.87809e+009 -4343.45 8217.06 -2013.84 8.04987 0.967303 -4.73695
2.6897e+009 -3287.89 -942.337 3342.09 6.3841 0.835925 4.92568
1.42171e+010 -1865 4045.59 3223.55 -4.47213 -3.97074 9.08583
2.32589e+010 9484.8 -1800.84 5920.76 2.04013 -7.80146 -8.53923
4.83504e+009 -2181.34 1182.18 3980.59 -9.77714 -2.25234 1.3138
3.12775e+009 -6767.59 6166.2 -6166.58 2.96309 -8.5429 -2.4209
6.79747e+009 -5675.09 -2937.47 7842.98 -1.21699 9.64336 1.53276
1.54602e+009 -3.29667 -8348.05 -6541.46 -2.50757 -6.70631 -5.09146
1.56617e+010 -4985.08 996.274 305.809 -2.96262 -1.75579 8.31375
8.40794e+009 -1989.54 6127.1 -9131.86 -7.39802 9.3844 -5.85582
1.77598e+010 -3878.77 9698.44 -3342.63 -8.35211 3.63312 -5.91694
1.79051e+009 -6050.7 7436.53 -8185.09 -5.05949 0.341396 7.35983
9.08081e+009 9734.58 6455.97 3728.62 2.55997 -2.06689 -1.59897
6.49626e+009 6272.45 -4104.14 -513.597 -1.41517 -0.719343 3.16129
8.26236e+009 3352.47 3049.3 -4406.16 -9.89637 -8.81606 -5.70681
2.92576e+009 4763.25 -536.193 8461.23 -4.98691 3.67819 -0.521558
7.0601e+009 6701.33 9462.03 -7025.93 -2.07024 5.41236 -0.910432
1.01148e+010 4840.04 -4557.29 -6391.84 5.75414 -8.4549 6.82232
2.89698e+010 8919.26 -2456.42 6574.1 -5.42798 7.22859 9.09303
2.03266e+010 5002.08 -1650.85 -1925.85 -2.75885 -5.92148 6.47159
3.3766e+010 -1663.21 4499.27 -1697.99 2.0672 9.7486 -9.91596
1.39466e+009 3556.65 -5263.34 3614.87 -7.08014 1.97559 -8.52576
2.26855e+009 4651.97 9164.3 4809.54 -5.69106 6.7832 -5.62751
3.15672e+009 6716.9 2456.28 -845.351 4.50469 -1.74328 -7.95485
5.72298e+009 -5150.44 2636.85 892.805 -8.42118 -9.03471 -0.593397
4.13173e+009 7075.96 -4428.73 4066.64 7.40752 -6.36038 0.618612
1.29204e+010 -5293.46 -5245.07 6446.01 7.35777 -9.2268 -0.245756
4.38897e+009 -6699.14 -3793.45 -6992.58 8.13414 1.83429 6.58662
2.37423e+009 1642.34 -6898.83 -3849.5 -2.62782 -9.30058 -8.69545
1.47226e+010 -3942.58 9345.06 3956.5 -6.91139 1.30921 3.77974
6.14042e+009 -6764.05 -9750.77 6109.87 1.26979 1.51305 4.56906
7.15036e+009 -504.498 1703.63 4512.44 -3.09622 -9.34086 5.15143
5.26181e+009 -6749.34 -9306.61 -6565.42 8.94061 6.40184 -3.34723
1.80202e+010 -1172.21 -8819.08 2885.72 -5.82229 3.77701 -2.6596
1.32073e+009 6264.69 811.11 4657.74 0.993646 4.13639 4.41896
1.22179e+010 -2356.01 -6312.86 -3917.19 4.0047 -0.194799 -6.41524
2.66588e+009 553.783 -3221.33 3492.22 1.93474 6.41866 -8.96252
1.49298e+009 7121.22 -9554.98 -4488.33 -8.01651 5.6435 5.94765
1.73779e+008 2536.48 -3760.25 -3587.61 6.28576 4.7411 -7.40495
3.80058e+009 -7918.05 7676.22 2322.53 7.56422 -2.46077 6.07591
1.04376e+010 -8738.64 1837.88 -3374.35 -4.98605 -6.82291 4.29528
7.47034e+008 -6282.45 -5242.84 -6144.88 -3.11207 -3.65976 9.60282
1.08524e+010 8578.05 5724.74 3024.79 -6.37682 -4.85627 -9.51415
6.61112e+009 9353.35 7709.7 7385.62 -6.16313 -5.48461 6.35892
7.84634e+009 -6338.85 7872.9 -4410.5 -2.96462 3.86456 -9.13684
2.79745e+009 1413.56 -2978.08 -4214.41 -3.58512 3.249 8.67855
1.58482e+010 -3849.49 -3541.86 -8816.34 -6.09992 0.317514 0.864502
9.47689e+009 9625.78 2864.43 -6173.87 -6.56638 8.57577 -2.05227
2.18051e+009 6026.5 6485.19 1418.58 -8.31522 -7.81708 4.88228
1.07791e+010 136.132 -6484.26 -4639.84 -0.907414 9.1783 -6.51611
7.2524e+009 1932.41 4862.83 -3082.19 9.25844 -8.009 -7.91184
1.58104e+010 -2397.99 -7203.26 -8062.68 -7.57993 4.26559 1.59152
8.85876e+009 9906.68 -8707.36 -2482.59 -5.23078 9.65761 -7.31773
1.02631e+010 3113.03 -2978.02 7586.81 -6.56827 -0.331461 -8.07985
1.31328e+009 -7591.01 -7318.19 -1568.19 -4.84325 1.39856 -6.25842
1.67683e+009 2012.24 -8056.73 -3134.07 8.34047 8.62589 -5.09085
1.6096e+010 1735.1 6236.9 328.819 3.17731 -2.33087 -6.11099
8.20123e+009 4035.35 -4720.33 -7650.52 -8.97647 -9.05496 5.87951
3.2866e+009 -5536.23 162.745 -4015.25 -7.79436 -7.06672 6.4478
1.16344e+010 -5477.28 -6739.22 3980.02 -8.35302 -7.45679 -5.31761
1.94979e+010 -2627.5 -5978.26 3793.11 5.27248 -9.73715 -5.28802
2.03602e+009 7533.93 -8914.06 8738.54 7.70972 -3.56156 -6.48841
1.77589e+009 9715.79 2879.94 8767.27 5.55446 -1.14358 -7.36955
4.16779e+009 -2673.73 4506.97 5463.8 7.32077 -1.59113 3.1047
9.77978e+009 -536.159 5395.69 -4725.08 -8.24161 1.32255 -3.94531
1.52727e+009 4392.82 5044.47 -8709.33 3.82221 9.92118 1.63655
2.50818e+008 -672.979 -1716.36 -5735.86 6.70208 -6.29252 6.3492
6.29558e+009 -2111.1 -3483.31 8216.58 0.215524 -6.98548 8.84213
6.99522e+009 -194.559 -4485.63 8072.26 -9.05628 8.04505 0.700231
3.65485e+009 -2669.61 9209.19 3190.27 1.67365 0.33915 -2.5618
7.73254e+009 -9112.51 -7991.36 1605.5 2.83407 6.32422 2.68462
1.83837e+009 4876.72 3400.51 4794.55 8.63059 -8.7772 -2.74235
1.93352e+009 -4707.08 1282.26 -384.968 3.98955 6.26761 -9.9593
7.3206e+008 -9999.87 9449.55 1923.5 -3.70378 6.0726 -5.44784
3.10204e+009 -5953.61 2916.03 1735.87 -1.41704 -5.72765 9.06946
4.36385e+009 -7328.87 -5587.22 -7263.56 3.64993 4.39494 -4.81002
5.86159e+010 -6066.97 -6877.69 -8775.18 2.38244 -2.96251 -2.8274
1.58343e+009 417.776 7259.84 9071.83 7.20143 8.14513 9.00546
2.32109e+010 -2648.88 -9665.12 -3450.01 1.66041 8.6017 7.44762
2.48284e+010 7090.66 -7275.38 -7122.98 2.55414 7.33118 2.21875
7.50507e+009 -2656.71 998.944 -4077.79 1.55168 -6.25731 5.42638
7.9514e+009 -9481.79 5270.98 -299.48 5.68767 -9.41528 7.16233
1.30989e+010 -3351.17 -5204.22 6240.07 -7.96643 -6.10695 -5.35727
2.28272e+009 -8678.53 9623.37 548.406 -2.70741 -4.46705 -0.964485
6.85604e+009 8657.49 -1084.62 -4593.08 -6.99535 7.32684 8.73007
2.50841e+010 -9299.84 -6555.87 -4310.36 0.874316 -9.96056 -9.3668
9.54032e+009 -6978.45 2214.61 -2354.86 -0.942238 4.59904 -7.15488
1.13521e+009 9368.83 -7361.07 -7439.25 7.85331 2.13861 -9.22342
2.65096e+009 -6654.61 -8633.71 -304.263 3.66513 -7.17317 8.14772
2.6205e+009 -5024.92 -5616.96 3059.09 -5.48603 -8.17294 -9.84188
1.97902e+010 3824.59 -4846.77 8943.43 -4.37429 -6.01819 8.03754
9.42942e+009 6556.46 -9607.48 7806.44 2.84108 7.31806 -8.11597
1.97526e+010 372.577 -285.293 -9890.21 -6.67297 1.07137 9.50914
1.17172e+010 3791.9 -4577.04 -1582.09 -5.31369 -1.56995 -7.95521
5.63442e+009 -771.332 2651.14 5157.34 -1.54799 1.32394 -1.34353
9.23968e+009 -496.85 -5371.99 296.223 9.57636 -1.48948 3.39625
2.19351e+009 5645.79 -6105.16 -7090.14 4.61811 -0.242175 5.29535
2.85258e+008 3137.58 -7805.38 5564.38 -1.11974 -6.91718 1.87974
1.80147e+010 2044.63 -6008.73 -242.899 4.0035 -1.81859 8.01182
1.92195e+009 8477.79 1178.14 -274.241 0.651255 1.86995 -6.83461
1.26777e+010 -1860.46 -9779.77 -8826.55 9.54231 -5.18413 -2.76799
1.71884e+010 -3707.93 -3324.33 2913.11 -2.60757 -6.9359 -9.06798
9.36125e+009 1355.01 -1665.16 2664.7 3.9252 -5.08593 6.62815
1.03806e+010 4590.24 -3302.11 9301.44 1.83988 -9.46392 1.07604
3.42772e+009 -50.0479 -3956.18 -9853.25 5.06632 -1.42727 -9.88711
6.02861e+009 -1217.53 3459.89 1039.82 -1.85127 -0.0868216 -4.10061
1.99166e+010 -3320.46 7326.1 -7797.02 -9.71014 7.40777 -8.13196
2.40373e+010 5157.03 6987.17 9909.16 -3.06983 -5.37864 0.987462
9.35869e+008 -6024.99 8594.79 -105.195 -2.74639 5.10843 3.61113
5.85342e+009 1056.02 4418.6 3991.82 5.69377 7.17157 5.80189
6.18893e+009 94.6123 234.555 -9660.52 -1.32125 8.73734 5.57855
6.81856e+009 -8392.78 8900.5 4156.52 0.18195 -8.41939 -2.65634
4.65468e+009 -6519.92 -8080.47 9100.68 -2.21849 2.21989 -6.05453
6.05332e+009 -2659.01 5246.44 -8049.07 3.84062 -5.59154 -6.4623
1.66707e+010 -5077.04 1356.53 -4705.17 -1.07051 -8.94167 8.27516
9.96123e+009 9515.76 -2930.87 6957.75 9.2223 7.16549 7.35568
6.63257e+007 -2931.51 2537.23 4881.47 -4.85976 -0.29447 -7.14196
6.76789e+009 -4089.52 9359.92 1434.69 4.37788 5.50291 4.63165
5.29041e+009 6265.65 487.774 1742.06 4.7257 -4.57136 4.82678
5.54259e+009 6890.62 -7730.84 3691.21 -4.2466 -5.01672 3.23189
1.91998e+008 -356.012 -7499.24 -1904.06 -0.355458 -3.33152 -8.99803
5.11297e+009 2186.38 -1431.71 -1463.32 -8.01335 -0.479593 1.3798
8.49199e+008 -2390.98 2722.01 -6124.91 -8.80691 1.83896 7.71381
1.6888e+010 5908.95 -7141.18 -5688.61 -3.78738 2.17496 9.41043
2.17133e+010 5214.65 -5578.96 -1664.78 -7.92498 -1.20732 5.63172
1.4907e+010 -9058.78 6320.79 1231.18 -8.48451 -4.6461 1.57967